278324896365412352
278324895451185162
278326781826826240
278326778278182912
278326754572107776
278326649316179968
278326632945811456
278326610292244480
278328543749079040
278328543749079040
278328543749079040
278328543749079040
278328755586334720
278328755586334720
278328755586334720
278328755586334720
278328755586334720
278328755586334720
278328755586334720
278328755586334720
278328755586334720
278328755586334720
278328755586334720
278328755586334720
278328755586334720
278328755586334720
278328755586334720
278328755586334720
278328755586334720
278328755586334720
278328755586334720
278328755586334720
278328755586334720
278329032012070914
278329496749473793
278329969929617419
278330002771279872
278331940061577218
278332125978296321
278332348494512129
278332372225622017
278332684546080788
278332772978786305
278333363679657994
278333467501002763
278333541371084800
278333631728975872
278333682245173258
278333700444389378
278333723911520256
278333770300391424
278333799639547904
278333839875768320
278333880422105088
278334691873128448
278335004453371904
278335036506243078
278335147747704842
278335279058780162
278335289997393920
278336157694033920
278336326359711744
278337076024442880
278337108366589953
278337256224456704
278337310167400449
278337506985115648
278337817157828623
278338329328615424
278338170322681857
278338114404220929
278338109848944650
278338045265182721
278338024574812160
278338539350130688
278338575227944960
278363196715171840
278361619489357827
278361058325037056
278361024233472002
278360884047380481
278359156744912896
278375527813873664
278375553541734409
278375623561576450
278375687004356609
278375703014014977
278375728981082112
278375793439014913
278375826871812106
278376020745256961
278376083446038528
278376345778782219
278377607450329099
278378078185586688
278378094870528001
278378394226524162
278378414761705474
278378426866335766
278378440409743360
278378548560134146
278378809810616320
278378859492278282
278379078552387585
278379125687975936
278379217081597963
278379379422134272
278379413169766400
278379496741142529
278379700353499136
278379878577864704
278380009150742528
278380021947564034
278380034664693770
278380054503751682
278380612237131776
278380632835620875
278380653941096448
278380756450148354
278380872204419073
278380977695227904
278381022973001728
278381064743944193
278381115398422528
278381460334051329
278381494743859200
278381516235735040
278381833518055424
278381862743703553
278381896323432448
278382158417100811
278382178964865025
278382321256890368
278382549296742400
278382740238237701
278382628267360258
278383455975374859
278383566012940288
278383620681498635
278383664260448258
278383685852463106
278383796544471041
278383756253986818
278383738180730881
278383721202188289
278383717599281154
278384392924037123
278384433441275905
278384598407184394
278385125283332096
278385381660164107
278387142835699712
278387768504352768
278388033189969921
278388756535312384
278388767029723137
278390765632225282
278390862520516618
278390881781022731
278390918174998528
278390910666932235
278390938169114624
278390977578795008
278390989247479809
278391251437355008
278391691332026369
278391715285696514
278391744523927562
278391791617572874
278391814455558144
278391827747307520
278391841563607050
278391856893526017
278391873255505922
278391895158161408
278391912820375552
278391908219486208
278391934807179264
278391957691301889
278391975957233664
278392014729510912
278392041678045186
278392063735758848
278392061693132812
278392096552124426
278392117271724043
278392137564028938
278392159189598208
278394077354131456
278394139165589504
278397793184514048
278399707313733632
278400678634717184
278401393528930304
278389940184809472
278389938972655619
278389863831830529
278389799180828673
278389741815070720
278402604688605185
278402588314042368
278404865598947330
278405108830568448
278405206314713088
278405926522978307
278410962434916353
278411131549253633
278411997727686657
278412166648823808
278412283951054858
278414022104186880
278419481985024010
278419553019625473
278419782477545472
278419786835296256
278420469554872320
278420823247683585
278422287751970816
278425858065039360
278437152784646146
278437219885383681
278437247777505282
278437271437574145
278543432085929984
278519851121770497
278469003314462720
278558003265929216
278557983120687104
278559751900758017
