280569343325110273
280569302346629121
280568956677390337
280568936628486144
280568915002654720
280567047589593098
280569004718948353
280568950734061568
280568943045771265
280568932946018304
280568856445976587
280568841413853194
280560969816604672
280521033621045249
280472073405726720
280330605617610752
280208457594961920
280187241114894336
280569321720250370
280544849105780746
280523018902700033
280513994769432576
280513973835792395
280417617485889536
280612506957774849
280612404533133322
280610665662644225
280610647862018048
280610633924214784
280610407620673537
279614595008561152
279519605024620548
279180562265014273
277364386811871234
277325321471000576
277279349080719363
280593098210279424
280581016651825152
280580941909590016
280580890239959041
280579900337815552
280569155034415104
280619395061907456
280619390091919360
280618604310036481
280618591072681984
280618404912562176
280618314303275008
280480099957080064
280480082231951360
280480053807153154
280478934318186516
280478735675949057
280478716197470209
280570461136486402
280230618447478785
280203930758021120
280139891491340298
280139839037374475
280139813175164928
280619891893993472
280619889201512450
280619886458306560
280620331805179905
280620386364817409
280620476500410368
280623112230273024
280623779783376896
280623995035058176
280625494272245760
280633546832347136
280633556663795713
280633581343211520
280633652214497282
280633704794030081
280633686267789323
280634455096295424
280634461887135745
280634561791131650
280634575397584896
280635886251540481
280636059660976129
280636067680354304
280688368994615298
280688336103014400
280688319019352064
280688311884840970
280688247154409472
280688160139116544
280684927672909824
280684926905352192
280684916184711168
