280569343325110273
280569302346629121
280568956677390337
280568936628486144
280568915002654720
280567047589593098
280569004718948353
280568950734061568
280568943045771265
280568932946018304
280568856445976587
280568841413853194
280560969816604672
280521033621045249
280472073405726720
280330605617610752
280208457594961920
280187241114894336
280569321720250370
280544849105780746
280523018902700033
280513994769432576
280513973835792395
280417617485889536
280612506957774849
280612404533133322
280610665662644225
280610647862018048
280610633924214784
280610407620673537
279614595008561152
279519605024620548
279180562265014273
277364386811871234
277325321471000576
277279349080719363
280593098210279424
280581016651825152
280580941909590016
280580890239959041
280579900337815552
280569155034415104
280619395061907456
280619390091919360
280618604310036481
280618591072681984
280618404912562176
280618314303275008
280480099957080064
280480082231951360
280480053807153154
280478934318186516
280478735675949057
280478716197470209
280570461136486402
280230618447478785
280203930758021120
280139891491340298
280139839037374475
280139813175164928
280619891893993472
280619889201512450
280619886458306560
280620331805179905
280620386364817409
280620476500410368
280623112230273024
280623779783376896
280623995035058176
280625494272245760
280633546832347136
280633556663795713
280633581343211520
280633652214497282
280633704794030081
280633686267789323
280634455096295424
280634461887135745
280634561791131650
280634575397584896
280635886251540481
280636059660976129
280636067680354304
280640578683797505
280643304901705728
280643412409974784
280643415140728842
280643433897525248
280644217943097344
280644209319608320
280651875349430282
280651926415343616
280651915275010048
280651888385327104
280653014342303746
280656457303719936
280656465855774730
280656565911158786
280656575050285056
280657371204943873
280657374254071808
280657405723934720
280657423994191872
280657412636147714
280657433959989258
280657424678125569
280657437298524171
280660152783470592
280664168779218965
280664174391066634
280674003956531200
280674009996197888
280682023914569728
280682027294916608
280682413116489728
280682429365354496
280682427536375808
280682425514721280
280682422004350976
280682438496223232
280682449409933322
280683212404162562
280683258126139392
280683273066381312
280683272374059009
280684916184711168
280684927672909824
280684926905352192
280685056375259136
280685070040301579
280685167654338560
280685157273305089
280685224541552640
280686794381590538
280686784134905856
280686812484337674
280686928029024266
280687032102158346
280687270779158530
280687252160643073
280687204500766721
280687203880009728
280687199005966336
280687184690937868
280687275426447360
280687312667410432
280687326328258560
280687475096158217
280687472055287809
280687454040621056
280687452400910338
280687502132510720
280687517789847552
280687513964904448
280687535737405440
280687526854000640
280687544352636928
280687554553184256
280687554431418368
280687616989462528
280687672685625344
280687730860490752
280687743447728128
280687735566761985
280687749369954304
280687746236940289
280687761881563141
280687774594760704
280687781448122368
280687809164083200
280687869108944897
280687993621315584
280688057349439488
280688160139116544
280688247154409472
280688319019352064
280688311884840970
280688336103014400
280688368994615298
280691448255348738
280694895725772800
280694920371503104
280694922615455754
280694952466317313
280694962474188800
280711429340790785
280711430884294677
280711452560719872
280716165712707595
280716177125277696
280716193738915840
280718396146974720
280718019884482562
280718544226746368
280718543060992000
280719220801536000
280719222294970368
280747332600070144
280747369417408517
280747753770844160
280747816068841472
280747852333056001
280748428584157184
280748894743298048
280748908764987392
280748907758223361
280748906114187265
280748905388572673
280759242208706560
280770480594485248
280777046559293441
280778140765126656
280780082224562176
280780436324614144
280781138903957504
280781611879104522
280781612105334786
280781858676015104
280783714974433281
280784714283876353
280786905405325312
280786934400548865
280787035239743488
280787048657321984
280787067762376707
280787079821262848
280787135663964160
280787181428146180
280788432547086337
280788473064194048
280788475333312512
280788515015491585
280788573983211520
280788601200050187
280788607541706752
280788644908892171
280788717969473537
280788730514636810
280788773791334402
280788820138393600
280788842506616832
280789147743158272
280793725029056512
280793695496962048
280793664194871296
280796313405095937
280796539637465088
280796934736838657
280802063917776897
280801677064404992
280803564584960004
280803214692188160
280804188668166144
280803587117023233
280803157725151244
280802135917199360
280802132410761226
280804689086382080
280804730555334656
280804652620972032
280804651673059329
280804650976804874
280804825082363916
280805384598585354
280805367372316683
280805695664816140
280805593596559361
280805844927643648
280807942683492353
280808075277893632
280808051517423617
280808409236766721
280808813710540802
280809491413336066
280809545440428034
280809508966498305
280809634762063872
280809807483764743
280809958717521920
280811235765649408
280810894492172288
280810725306400768
280810357163950090
280810352374185984
280810162887983104
280813561578520586
280813867108401162
280813837219921921
280815744109903882
280815825248583681
280816077624049665
280816174051229697
280816115867975680
280816114718605314
280816114370609153
280816113724686337
280816112000565249
280816332629344256
280816208150790154
280816207039299585
280816205156188160
280816202660446229
280816201569927168
280817573585616896
280817126422609921
280817541494865920
280817163902910464
280816980880130058
280816368918593537
280816368213819392
280816367014379520
280817652782596109
280817652316766208
280817651486425088
280817650513477634
280817649791926273
280817649116774400
280817672222932992
280817721854394371
280817737448816651
280817736270217217
280817735477362689
280817734793560074
280817733766217728
280817733053054976
280817943963631616
280817969817452544
280817968764420096
280817966977777665
280817966600159232
280817965916618752
280817965178552321
280818222012432385
280818479668396032
280818495061753856
280818580163919872
280818654608621568
280818847194546178
280818859517149194
280819211083972619
280821386077798400
280823138068201472
280825275279736832
280832902688931840
280832960561807360
280833020640886795
280840468848443393
280840478079844353
280840507532378122
280840547260956673
280840603238006785
280840787787251712
280840805818564618
280840795647377420
280840854707503105
280840843928010753
280840870507315210
280840905098002432
280840908361039892
280840922718142465
280840937108799489
280840976518479872
280840969291825153
280840966737494016
280840996097622017
280840991005736960
280841005823950848
280843111914274826
280846047629279232
280847597936312323
280847622695288832
280847652697014273
280847670136799232
280847686045794306
280847747891068929
280847901733683200
280847895823908865
280847885388742676
280847866489077761
280847865541296129
280847849972039680
280847919639429121
280847960898797568
280847952887676940
280847997582180362
280847987142557697
280848019942014996
280848051923451905
280848071389216768
280848099889381377
280848155795259393
280848233977085954
280848255921815553
280848267695226880
280848282304118784
280848276499202059
280848399803351041
280848392102346753
280848422670565377
280848473241157632
280848466408898561
280848507307294720
280848515398369290
280850509932265473
280850544283746315
280850892402589696
280850894482833409
280850920307163137
280851131209613312
280851121021648896
280851435082481664
280851426479964170
280851469035372544
280851518574428173
280851543761092618
280851541408350208
280851539856326656
280851634446270464
280851657506553856
280851653824086027
280851650900393984
280851785609117697
280851771469856769
280851752293498881
280851737882132481
280851737856835584
280851718579814400
280851737747783682
280851828487225344
280851849874243584
280851897932578816
280851902382473216
280851902315364362
280852188782264320
280852237079805952
280852265114271744
280852370861064193
280852399864807427
280852438536421386
280852451261939714
280852493196328960
280852506849050624
280852541799923712
280852576063455232
280852596011433984
280852615993098241
280852624344088577
280852618635509760
280852642656288769
280852651627773952
280852670380507136
280852674390523905
280852692513980416
280852704295780353
280852712533524480
280852708897062912
280852723971260418
280852733962223626
280852763154579456
280852779499520003
280852806649511936
280852838270369792
280853163920195584
280853782529703938
280853880009654272
280853904999186432
280853979964112896
280854045458169856
280854066634948608
280854066190483456
280854153285074944
280854139590803467
280854164127612928
280854250169434114
280854251108827146
280854351478521856
280854397993484289
280854446563393547
280854463218974721
280854474589863937
280854528281280512
280854521674989568
280854537772859392
280854575119073280
280854596690247690
280854604818939904
280854786625241090
280855262913363968
280855261579706368
280855329913176065
280855400306311169
280855423299485697
280855417154961409
280855490119073802
280855511560224769
280855535316893697
280855534884618241
280855593936355329
280855634092490753
280855628107218945
280856120527159297
280856136930820096
280856167780188160
280856162092580865
280856196016111616
280856194157903873
280856192950206464
280856213003173899
280856218728267776
280856215704043520
280856236067651584
280856402732253184
280856443199029248
280856452896260113
280856483946561537
280856542973263889
280856561016897537
280856723739115522
280856722443075595
280856952496455680
280856950269280266
280856981416181761
280856980908670977
280856979822346240
280856978316591105
280857124018585601
280857116070117377
280857097699065857
280857247909937152
280857286463979522
280857391061270528
280857683634946048
280857765969395712
280857764392337419
280857841848549376
280857832759230475
280857954973122561
280857964405850115
280860197902352385
280860235122343936
280860231964164096
280860247692935189
280861035940806656
280861074813878272
280861129331179531
280861164211142666
280861152274284545
280862083178823680
280862076203827200
280862074500808714
280863170032173057
280863166810947584
280863210146627586
280863248407068672
280863333144592396
280863355491713024
280864490264854528
280864566265774091
280864626252578816
280864645533794306
280864716082118656
280864765851598848
280864775259291649
280864787636813825
280864782712832001
280864816711729164
280864840325529602
280864920357175296
280864991312084992
280866968624562177
280866966628204544
280866985229942785
280866999595171841
280867026216550400
280867067140374529
280867103056330752
280867143942406144
280867315573063680
280867377279926274
280867957826125834
280868199019577344
280868231713914880
281095176741453826
281095094914908163
281088720684318720
281088671153782784
281088642389114881
281088628325875713
280949689233178624
280911915360845836
280911479337779209
281017975677386752
280977131226398720
280977122879602688
280977084640395264
280885367127801858
280883956960854016
281114453947449354
281111371364696064
281111327764774912
280895181727858688
280894919005175809
280894909085384704
280895114992287744
280887571209256960
280886542514388992
280885667049766912
280885577019162625
280885470433378304
280961269392080896
281157639092699139
281157637217976320
281157635544317953
281157633694629888
281142695236468736
281138341993250816
281165957597233152
281161779415875584
281161743529672704
281150454950526977
281150422188556289
281158838894460928
281158780589309961
281158765300940800
281158760376958976
281158501244338176
281158468990402562
281153669737480193
281153420365135872
281153410517172224
281152583270268939
281151010049884160
281150992555311104
281165972243480576
281167080370208768
281168152392499200
281168719164735495
281170074965114881
281170110964826113
281170156053463040
281170183001735188
281170241239908353
281170276182654988
281170309845876739
281170365835902976
281170415479554050
281170461901979649
281170485935472650
281170508769132545
281170541107347457
281170583662755850
281171840330629130
